2.33249E+00 1.27305E+00 1.92739E+00 2.28009E+00 1.18045E+00 3.08818E+00 -191.91972566
2.33569E+00 1.27335E+00 1.92591E+00 2.28049E+00 1.17885E+00 3.08235E+00 -191.91883883
2.33879E+00 1.27365E+00 1.92436E+00 2.28099E+00 1.17725E+00 3.07674E+00 -191.91640762
2.34169E+00 1.27395E+00 1.92270E+00 2.28139E+00 1.17575E+00 3.07155E+00 -191.91300732
2.34429E+00 1.27425E+00 1.92094E+00 2.28179E+00 1.17435E+00 3.06691E+00 -191.90932567
2.34679E+00 1.27455E+00 1.91905E+00 2.28219E+00 1.17305E+00 3.06290E+00 -191.90606439
2.34899E+00 1.27485E+00 1.91703E+00 2.28249E+00 1.17195E+00 3.05950E+00 -191.90364033
2.35099E+00 1.27515E+00 1.91487E+00 2.28279E+00 1.17085E+00 3.05668E+00 -191.90230100
2.35279E+00 1.27545E+00 1.91255E+00 2.28309E+00 1.16985E+00 3.05437E+00 -191.90205749
2.35449E+00 1.27575E+00 1.91007E+00 2.28339E+00 1.16895E+00 3.05248E+00 -191.90270585
2.35609E+00 1.27605E+00 1.90742E+00 2.28369E+00 1.16815E+00 3.05096E+00 -191.90403450
2.35759E+00 1.27645E+00 1.90459E+00 2.28389E+00 1.16725E+00 3.04973E+00 -191.90571859
2.35899E+00 1.27675E+00 1.90159E+00 2.28419E+00 1.16645E+00 3.04875E+00 -191.90742062
2.36049E+00 1.27705E+00 1.89842E+00 2.28439E+00 1.16565E+00 3.04795E+00 -191.90876079
2.36189E+00 1.27745E+00 1.89509E+00 2.28469E+00 1.16485E+00 3.04730E+00 -191.90947299
2.36339E+00 1.27775E+00 1.89162E+00 2.28499E+00 1.16405E+00 3.04674E+00 -191.90923116
2.36479E+00 1.27815E+00 1.88799E+00 2.28539E+00 1.16315E+00 3.04621E+00 -191.90783859
2.36639E+00 1.27845E+00 1.88420E+00 2.28579E+00 1.16225E+00 3.04567E+00 -191.90507263
2.36799E+00 1.27885E+00 1.88019E+00 2.28619E+00 1.16135E+00 3.04504E+00 -191.90076776
2.36979E+00 1.27925E+00 1.87590E+00 2.28679E+00 1.16025E+00 3.04425E+00 -191.89469135
2.37189E+00 1.27965E+00 1.87127E+00 2.28739E+00 1.15915E+00 3.04321E+00 -191.88662395
1.02231E-03 2.65020E+00 1.86630E+00 2.28829E+00 1.15785E+00 3.04180E+00 -175.37345445
3.52232E-03 2.65060E+00 1.86112E+00 2.28929E+00 1.15635E+00 3.03996E+00 -175.26954042
6.32230E-03 2.65100E+00 1.85594E+00 2.29039E+00 1.15475E+00 3.03764E+00 -175.16893056
9.22231E-03 2.65140E+00 1.85102E+00 2.29169E+00 1.15315E+00 3.03484E+00 -175.07464234
1.22223E-02 2.65170E+00 1.84657E+00 2.29309E+00 1.15155E+00 3.03160E+00 -174.99508041
1.51223E-02 2.65190E+00 1.84276E+00 2.29459E+00 1.14995E+00 3.02797E+00 -174.93129363
1.79223E-02 2.65200E+00 1.83969E+00 2.29619E+00 1.14845E+00 3.02399E+00 -174.88706919
2.06223E-02 2.65200E+00 1.83738E+00 2.29779E+00 1.14695E+00 3.01972E+00 -174.86340113
2.32223E-02 2.65190E+00 1.83583E+00 2.29939E+00 1.14565E+00 3.01524E+00 -174.86158828
2.56223E-02 2.65170E+00 1.83501E+00 2.30099E+00 1.14435E+00 3.01061E+00 -174.87732000
2.78223E-02 2.65150E+00 1.83485E+00 2.30269E+00 1.14315E+00 3.00591E+00 -174.90656084
2.99223E-02 2.65120E+00 1.83526E+00 2.30429E+00 1.14215E+00 3.00123E+00 -174.95236476
3.18223E-02 2.65080E+00 1.83613E+00 2.30589E+00 1.14115E+00 2.99665E+00 -175.00721137
3.36223E-02 2.65040E+00 1.83734E+00 2.30749E+00 1.14025E+00 2.99225E+00 -175.06858616
3.52223E-02 2.65000E+00 1.83879E+00 2.30899E+00 1.13945E+00 2.98812E+00 -175.13233580
3.66223E-02 2.64950E+00 1.84034E+00 2.31049E+00 1.13865E+00 2.98432E+00 -175.19490006
3.80223E-02 2.64910E+00 1.84189E+00 2.31189E+00 1.13795E+00 2.98089E+00 -175.25595070
3.92223E-02 2.64860E+00 1.84335E+00 2.31329E+00 1.13725E+00 2.97789E+00 -175.31107411
4.04223E-02 2.64820E+00 1.84464E+00 2.31459E+00 1.13655E+00 2.97533E+00 -175.36004555
4.15223E-02 2.64780E+00 1.84569E+00 2.31589E+00 1.13595E+00 2.97325E+00 -175.40080895
